Compound Id	s
1	-5.87
2	-4.49
3	-5.99
4	-6.37
5	-4.59
6	-5.66
7	-4.3
8	-4.82
9	-4.5
10	-4.85
11	-4.74
12	-4.61
13	-4.63
14	-5.08
15	-4.42
16	-4.29
17	-5.4
18	-5.19
19	-5.39
20	-4.33
21	-5.31
22	-4.67
23	-5.53
24	-5.59
25	-6.26
26	-4.97
27	-5.66
28	-4.83
29	-4.13
30	-5.49
31	-5.11
32	-4.42
33	-4.64
34	-4.38
35	-3.54
36	-4.7
37	-5.75
38	-4.09
39	-4.57
40	-5.35
41	-5.08
42	-5.05
43	-5.49
44	-5.41
45	-5.88
46	-5.21
47	-5.27
48	-5.57
49	-5.92
50	-5.05
51	-5.17
52	-4.85
53	-6.41
54	-5.1
55	-5.64
56	-5.54
57	-5.53
58	-5.58