Compound Id	as
1	-5.94
2	-4.4
3	-5.81
4	-6.42
5	-4.49
6	-5.74
7	-4.22
8	-4.96
9	-4.49
10	-4.75
11	-4.79
12	-4.68
13	-4.71
14	-5.18
15	-4.52
16	-4.41
17	-5.41
18	-5.26
19	-5.42
20	-4.35
21	-5.34
22	-4.57
23	-5.4
24	-5.69
25	-6.29
26	-4.86
27	-5.5
28	-4.72
29	-4.06
30	-5.36
31	-4.99
32	-4.34
33	-4.65
34	-4.37
35	-3.52
36	-4.61
37	-5.59
38	-4.17
39	-4.62
40	-5.37
41	-5.12
42	-5.08
43	-5.51
44	-5.43
45	-5.88
46	-5.23
47	-5.3
48	-5.59
49	-5.75
50	-5.17
51	-5.28
52	-4.75
53	-6.37
54	-5.27
55	-5.74
56	-5.56
57	-5.63
58	-5.61